REST    48     1  CUBI          

       2 !NTITLE followed by title
* EXECUTING CHARMM SCRIPT FROM PYTHON                                           
*  DATE:     7/ 3/26     18: 3:36      CREATED BY USER: boittier                

 !CRYSTAL PARAMETERS
 0.288412154957470D+02 0.000000000000000D+00 0.288412154957470D+02
 0.000000000000000D+00 0.000000000000000D+00 0.288412154957470D+02
 0.000000000000000D+00 0.000000000000000D+00 0.000000000000000D+00
 0.000000000000000D+00 0.000000000000000D+00 0.000000000000000D+00
 0.000000000000000D+00 0.000000000000000D+00 0.000000000000000D+00
 0.000000000000000D+00 0.000000000000000D+00 0.000000000000000D+00
 0.000000000000000D+00 0.000000000000000D+00 0.000000000000000D+00
 0.000000000000000D+00 0.000000000000000D+00 0.000000000000000D+00
 0.000000000000000D+00 0.000000000000000D+00 0.000000000000000D+00
 0.000000000000000D+00 0.000000000000000D+00 0.000000000000000D+00
 0.000000000000000D+00 0.000000000000000D+00 0.000000000000000D+00
 0.000000000000000D+00 0.000000000000000D+00 0.000000000000000D+00
 0.000000000000000D+00 0.000000000000000D+00 0.000000000000000D+00
 0.000000000000000D+00 0.000000000000000D+00 0.000000000000000D+00
 0.000000000000000D+00

 !NATOM,NPRIV,NSTEP,NSAVC,NSAVV,JHSTRT,NDEGF,SEED,NSAVL
         260           1           1           1           1           1         777 0.314159000000000D+06           0                     1                     8            1587941274            -406336025             888520821             -36814792             -48430017            1126299834             385232262             123976827

 !ENERGIES and STATISTICS
TTTTTTTTTTTTTTTTTTTTTTTTTTTTTTTTTTTTTTTTTTTTTTTTTTTTTTTTTTTT
TTTTTTTTTTTTTTTTTTTTTTTTTTTTTTTTTTTTTTTTTTTTTTTTTTTTTTTTTTTTTTTTTTTTTTTTTTTTTTTTTTTTTTTTTTTTTTTTTTTTTTTTTTTTTTTTTTTTTTTTTTTTTTTT
       0-0.259818676572627D+05-0.259818676572627D+05 0.337572147481568D+03
-0.259445269125329D+05-0.259445269125329D+05 0.673118476715142D+09
 0.260613699497168D+03 0.260613699497168D+03 0.679195003656003D+05
-0.262051406120300D+05-0.262051406120300D+05 0.686709394496266D+09
 0.337572147481568D+03 0.337572147481568D+03 0.113954954755317D+06
 0.357119976696023D+03 0.357119976696023D+03 0.127534677755368D+06
 0.000000000000000D+00 0.000000000000000D+00 0.000000000000000D+00
 0.000000000000000D+00 0.000000000000000D+00 0.000000000000000D+00
 0.000000000000000D+00 0.000000000000000D+00 0.000000000000000D+00
 0.000000000000000D+00 0.000000000000000D+00 0.000000000000000D+00
 0.000000000000000D+00 0.000000000000000D+00 0.000000000000000D+00
-0.259818676572627D+05-0.259818676572627D+05 0.675057446959512D+09
 0.318018540437556D+03 0.318018540437556D+03 0.101135792062034D+06
-0.373407447297926D+02-0.373407447297926D+02 0.139433121697554D+04
 0.000000000000000D+00 0.000000000000000D+00 0.000000000000000D+00
 0.239905761815471D+05 0.239905761815471D+05 0.575547745522614D+09
-0.000000000000000D+00 0.000000000000000D+00 0.000000000000000D+00
-0.954713824899954D+04-0.954713824899954D+04 0.911478487455099D+08
-0.355235297520591D+04-0.355235297520591D+04 0.126192116604543D+08
 0.000000000000000D+00 0.000000000000000D+00 0.000000000000000D+00
 0.532852946280886D+04 0.532852946280886D+04 0.283932262360221D+08
-0.259818676572627D+05-0.259818676572627D+05 0.675057446959512D+09
-0.262051406120300D+05-0.262051406120300D+05 0.686709394496266D+09
 0.540951356666918D+03 0.540951356666918D+03 0.292628370279779D+06
 0.950857242081950D+02 0.950857242081950D+02 0.904129494819692D+04
 0.000000000000000D+00 0.000000000000000D+00 0.000000000000000D+00
 0.000000000000000D+00 0.000000000000000D+00 0.000000000000000D+00
 0.000000000000000D+00 0.000000000000000D+00 0.000000000000000D+00
 0.000000000000000D+00 0.000000000000000D+00 0.000000000000000D+00
 0.000000000000000D+00 0.000000000000000D+00 0.000000000000000D+00
 0.000000000000000D+00 0.000000000000000D+00 0.000000000000000D+00
 0.000000000000000D+00 0.000000000000000D+00 0.000000000000000D+00
 0.000000000000000D+00 0.000000000000000D+00 0.000000000000000D+00
 0.000000000000000D+00 0.000000000000000D+00 0.000000000000000D+00
 0.000000000000000D+00 0.000000000000000D+00 0.000000000000000D+00
 0.000000000000000D+00 0.000000000000000D+00 0.000000000000000D+00
 0.000000000000000D+00 0.000000000000000D+00 0.000000000000000D+00
 0.000000000000000D+00 0.000000000000000D+00 0.000000000000000D+00
 0.000000000000000D+00 0.000000000000000D+00 0.000000000000000D+00
 0.000000000000000D+00 0.000000000000000D+00 0.000000000000000D+00
 0.000000000000000D+00 0.000000000000000D+00 0.000000000000000D+00
 0.000000000000000D+00 0.000000000000000D+00 0.000000000000000D+00
 0.000000000000000D+00 0.000000000000000D+00 0.000000000000000D+00
 0.000000000000000D+00 0.000000000000000D+00 0.000000000000000D+00
 0.000000000000000D+00 0.000000000000000D+00 0.000000000000000D+00
 0.000000000000000D+00 0.000000000000000D+00 0.000000000000000D+00
 0.000000000000000D+00 0.000000000000000D+00 0.000000000000000D+00
 0.000000000000000D+00 0.000000000000000D+00 0.000000000000000D+00
 0.000000000000000D+00 0.000000000000000D+00 0.000000000000000D+00
 0.000000000000000D+00 0.000000000000000D+00 0.000000000000000D+00
 0.000000000000000D+00 0.000000000000000D+00 0.000000000000000D+00
 0.000000000000000D+00 0.000000000000000D+00 0.000000000000000D+00
 0.000000000000000D+00 0.000000000000000D+00 0.000000000000000D+00
 0.000000000000000D+00 0.000000000000000D+00 0.000000000000000D+00
 0.000000000000000D+00 0.000000000000000D+00 0.000000000000000D+00
 0.000000000000000D+00 0.000000000000000D+00 0.000000000000000D+00
 0.000000000000000D+00 0.000000000000000D+00 0.000000000000000D+00
 0.000000000000000D+00 0.000000000000000D+00 0.000000000000000D+00
 0.000000000000000D+00 0.000000000000000D+00 0.000000000000000D+00
 0.000000000000000D+00 0.000000000000000D+00 0.000000000000000D+00
 0.000000000000000D+00 0.000000000000000D+00 0.000000000000000D+00
-0.259445269125329D+05 0.673118476715142D+09
 0.260613699497168D+03 0.679195003656003D+05
-0.262051406120300D+05 0.686709394496266D+09
 0.337572147481568D+03 0.113954954755317D+06
 0.357119976696023D+03 0.127534677755368D+06
 0.000000000000000D+00 0.000000000000000D+00
 0.000000000000000D+00 0.000000000000000D+00
 0.000000000000000D+00 0.000000000000000D+00
 0.000000000000000D+00 0.000000000000000D+00
 0.000000000000000D+00 0.000000000000000D+00
-0.259818676572627D+05 0.675057446959512D+09
 0.318018540437556D+03 0.101135792062034D+06
-0.373407447297926D+02 0.139433121697554D+04
 0.000000000000000D+00 0.000000000000000D+00
 0.239905761815471D+05 0.575547745522614D+09
 0.000000000000000D+00 0.000000000000000D+00
-0.954713824899954D+04 0.911478487455099D+08
-0.355235297520591D+04 0.126192116604543D+08
 0.000000000000000D+00 0.000000000000000D+00
 0.532852946280886D+04 0.283932262360221D+08
-0.259818676572627D+05 0.675057446959512D+09
-0.262051406120300D+05 0.686709394496266D+09
 0.540951356666918D+03 0.292628370279779D+06
 0.950857242081950D+02 0.904129494819692D+04
 0.000000000000000D+00 0.000000000000000D+00
 0.000000000000000D+00 0.000000000000000D+00
 0.000000000000000D+00 0.000000000000000D+00
 0.000000000000000D+00 0.000000000000000D+00
 0.000000000000000D+00 0.000000000000000D+00
 0.000000000000000D+00 0.000000000000000D+00
 0.000000000000000D+00 0.000000000000000D+00
 0.000000000000000D+00 0.000000000000000D+00
 0.000000000000000D+00 0.000000000000000D+00
 0.000000000000000D+00 0.000000000000000D+00
 0.000000000000000D+00 0.000000000000000D+00
 0.000000000000000D+00 0.000000000000000D+00
 0.000000000000000D+00 0.000000000000000D+00
 0.000000000000000D+00 0.000000000000000D+00
 0.000000000000000D+00 0.000000000000000D+00
 0.000000000000000D+00 0.000000000000000D+00
 0.000000000000000D+00 0.000000000000000D+00
 0.000000000000000D+00 0.000000000000000D+00
 0.000000000000000D+00 0.000000000000000D+00
 0.000000000000000D+00 0.000000000000000D+00
 0.000000000000000D+00 0.000000000000000D+00
 0.000000000000000D+00 0.000000000000000D+00
 0.000000000000000D+00 0.000000000000000D+00
 0.000000000000000D+00 0.000000000000000D+00
 0.000000000000000D+00 0.000000000000000D+00
 0.000000000000000D+00 0.000000000000000D+00
 0.000000000000000D+00 0.000000000000000D+00
 0.000000000000000D+00 0.000000000000000D+00
 0.000000000000000D+00 0.000000000000000D+00
 0.000000000000000D+00 0.000000000000000D+00
 0.000000000000000D+00 0.000000000000000D+00
 0.000000000000000D+00 0.000000000000000D+00
 0.000000000000000D+00 0.000000000000000D+00
 0.000000000000000D+00 0.000000000000000D+00
 0.000000000000000D+00 0.000000000000000D+00
 0.000000000000000D+00 0.000000000000000D+00
 0.000000000000000D+00 0.000000000000000D+00 0.000000000000000D+00
 0.000000000000000D+00 0.000000000000000D+00 0.000000000000000D+00
 0.000000000000000D+00 0.000000000000000D+00 0.000000000000000D+00
 0.000000000000000D+00 0.000000000000000D+00 0.000000000000000D+00
 0.000000000000000D+00 0.000000000000000D+00 0.000000000000000D+00
 0.000000000000000D+00 0.000000000000000D+00 0.000000000000000D+00
 0.000000000000000D+00 0.000000000000000D+00 0.000000000000000D+00
 0.000000000000000D+00 0.000000000000000D+00 0.000000000000000D+00
-0.262051406120300D+05-0.262051406120300D+05 0.686709394496266D+09
 0.000000000000000D+00 0.000000000000000D+00 0.000000000000000D+00
 0.000000000000000D+00 0.000000000000000D+00 0.000000000000000D+00
 0.000000000000000D+00 0.000000000000000D+00 0.000000000000000D+00
 0.000000000000000D+00 0.000000000000000D+00 0.000000000000000D+00
 0.000000000000000D+00 0.000000000000000D+00 0.000000000000000D+00
 0.000000000000000D+00 0.000000000000000D+00 0.000000000000000D+00
 0.000000000000000D+00 0.000000000000000D+00 0.000000000000000D+00
 0.000000000000000D+00 0.000000000000000D+00 0.000000000000000D+00
 0.000000000000000D+00 0.000000000000000D+00 0.000000000000000D+00
 0.000000000000000D+00 0.000000000000000D+00 0.000000000000000D+00
 0.000000000000000D+00 0.000000000000000D+00 0.000000000000000D+00
 0.000000000000000D+00 0.000000000000000D+00 0.000000000000000D+00
 0.000000000000000D+00 0.000000000000000D+00 0.000000000000000D+00
 0.000000000000000D+00 0.000000000000000D+00 0.000000000000000D+00
 0.000000000000000D+00 0.000000000000000D+00 0.000000000000000D+00
 0.000000000000000D+00 0.000000000000000D+00 0.000000000000000D+00
 0.000000000000000D+00 0.000000000000000D+00 0.000000000000000D+00
 0.000000000000000D+00 0.000000000000000D+00 0.000000000000000D+00
 0.000000000000000D+00 0.000000000000000D+00 0.000000000000000D+00
 0.000000000000000D+00 0.000000000000000D+00 0.000000000000000D+00
 0.000000000000000D+00 0.000000000000000D+00 0.000000000000000D+00
 0.000000000000000D+00 0.000000000000000D+00 0.000000000000000D+00
 0.000000000000000D+00 0.000000000000000D+00 0.000000000000000D+00
 0.000000000000000D+00 0.000000000000000D+00 0.000000000000000D+00
 0.000000000000000D+00 0.000000000000000D+00 0.000000000000000D+00
 0.000000000000000D+00 0.000000000000000D+00 0.000000000000000D+00
 0.000000000000000D+00 0.000000000000000D+00 0.000000000000000D+00
 0.000000000000000D+00 0.000000000000000D+00 0.000000000000000D+00
 0.000000000000000D+00 0.000000000000000D+00 0.000000000000000D+00
 0.000000000000000D+00 0.000000000000000D+00 0.000000000000000D+00
 0.000000000000000D+00 0.000000000000000D+00 0.000000000000000D+00
 0.000000000000000D+00 0.000000000000000D+00 0.000000000000000D+00
 0.000000000000000D+00 0.000000000000000D+00 0.000000000000000D+00
 0.000000000000000D+00 0.000000000000000D+00 0.000000000000000D+00
 0.000000000000000D+00 0.000000000000000D+00 0.000000000000000D+00
 0.000000000000000D+00 0.000000000000000D+00 0.000000000000000D+00
 0.000000000000000D+00 0.000000000000000D+00 0.000000000000000D+00
 0.000000000000000D+00 0.000000000000000D+00 0.000000000000000D+00
 0.000000000000000D+00 0.000000000000000D+00 0.000000000000000D+00
 0.000000000000000D+00 0.000000000000000D+00 0.000000000000000D+00
 0.000000000000000D+00 0.000000000000000D+00 0.000000000000000D+00
 0.000000000000000D+00 0.000000000000000D+00 0.000000000000000D+00
 0.000000000000000D+00 0.000000000000000D+00 0.000000000000000D+00
 0.000000000000000D+00 0.000000000000000D+00 0.000000000000000D+00
 0.000000000000000D+00 0.000000000000000D+00 0.000000000000000D+00
 0.000000000000000D+00 0.000000000000000D+00 0.000000000000000D+00
 0.000000000000000D+00 0.000000000000000D+00 0.000000000000000D+00
 0.000000000000000D+00 0.000000000000000D+00 0.000000000000000D+00
 0.000000000000000D+00 0.000000000000000D+00 0.000000000000000D+00
 0.000000000000000D+00 0.000000000000000D+00 0.000000000000000D+00
 0.000000000000000D+00 0.000000000000000D+00 0.000000000000000D+00
 0.000000000000000D+00 0.000000000000000D+00 0.000000000000000D+00
 0.000000000000000D+00 0.000000000000000D+00 0.000000000000000D+00
 0.000000000000000D+00 0.000000000000000D+00 0.000000000000000D+00
 0.000000000000000D+00 0.000000000000000D+00 0.000000000000000D+00
 0.000000000000000D+00 0.000000000000000D+00 0.000000000000000D+00
 0.000000000000000D+00 0.000000000000000D+00 0.000000000000000D+00
 0.000000000000000D+00 0.000000000000000D+00 0.000000000000000D+00
 0.000000000000000D+00 0.000000000000000D+00 0.000000000000000D+00
 0.000000000000000D+00 0.000000000000000D+00 0.000000000000000D+00
 0.000000000000000D+00 0.000000000000000D+00 0.000000000000000D+00
 0.000000000000000D+00 0.000000000000000D+00 0.000000000000000D+00
 0.000000000000000D+00 0.000000000000000D+00 0.000000000000000D+00
 0.000000000000000D+00 0.000000000000000D+00 0.000000000000000D+00
 0.000000000000000D+00 0.000000000000000D+00 0.000000000000000D+00
 0.000000000000000D+00 0.000000000000000D+00 0.000000000000000D+00
 0.000000000000000D+00 0.000000000000000D+00 0.000000000000000D+00
 0.000000000000000D+00 0.000000000000000D+00 0.000000000000000D+00
 0.000000000000000D+00 0.000000000000000D+00 0.000000000000000D+00
 0.000000000000000D+00 0.000000000000000D+00 0.000000000000000D+00
 0.000000000000000D+00 0.000000000000000D+00 0.000000000000000D+00
 0.000000000000000D+00 0.000000000000000D+00 0.000000000000000D+00
 0.000000000000000D+00 0.000000000000000D+00 0.000000000000000D+00
 0.000000000000000D+00 0.000000000000000D+00 0.000000000000000D+00
 0.000000000000000D+00 0.000000000000000D+00 0.000000000000000D+00
 0.000000000000000D+00 0.000000000000000D+00 0.000000000000000D+00
 0.000000000000000D+00 0.000000000000000D+00 0.000000000000000D+00
 0.000000000000000D+00 0.000000000000000D+00 0.000000000000000D+00
 0.000000000000000D+00 0.000000000000000D+00 0.000000000000000D+00
 0.000000000000000D+00 0.000000000000000D+00 0.000000000000000D+00
 0.000000000000000D+00 0.000000000000000D+00 0.000000000000000D+00
 0.000000000000000D+00 0.000000000000000D+00 0.000000000000000D+00
 0.000000000000000D+00 0.000000000000000D+00 0.000000000000000D+00
 0.000000000000000D+00 0.000000000000000D+00 0.000000000000000D+00
 0.000000000000000D+00 0.000000000000000D+00 0.000000000000000D+00
 0.000000000000000D+00 0.000000000000000D+00 0.000000000000000D+00
 0.000000000000000D+00 0.000000000000000D+00 0.000000000000000D+00
 0.000000000000000D+00 0.000000000000000D+00 0.000000000000000D+00
 0.000000000000000D+00 0.000000000000000D+00 0.000000000000000D+00
 0.000000000000000D+00 0.000000000000000D+00 0.000000000000000D+00
 0.000000000000000D+00 0.000000000000000D+00 0.000000000000000D+00
 0.000000000000000D+00 0.000000000000000D+00 0.000000000000000D+00
 0.000000000000000D+00 0.000000000000000D+00 0.000000000000000D+00
 0.000000000000000D+00 0.000000000000000D+00 0.000000000000000D+00
 0.000000000000000D+00 0.000000000000000D+00 0.000000000000000D+00
 0.000000000000000D+00 0.000000000000000D+00 0.000000000000000D+00
 0.000000000000000D+00 0.000000000000000D+00 0.000000000000000D+00
 0.000000000000000D+00 0.000000000000000D+00 0.000000000000000D+00
 0.000000000000000D+00 0.000000000000000D+00 0.000000000000000D+00
 0.000000000000000D+00 0.000000000000000D+00 0.000000000000000D+00
 0.000000000000000D+00 0.000000000000000D+00 0.000000000000000D+00
 0.000000000000000D+00 0.000000000000000D+00 0.000000000000000D+00
 0.000000000000000D+00 0.000000000000000D+00 0.000000000000000D+00
 0.000000000000000D+00 0.000000000000000D+00 0.000000000000000D+00
 0.000000000000000D+00 0.000000000000000D+00 0.000000000000000D+00
 0.000000000000000D+00 0.000000000000000D+00 0.000000000000000D+00
 0.000000000000000D+00 0.000000000000000D+00 0.000000000000000D+00
 0.000000000000000D+00 0.000000000000000D+00 0.000000000000000D+00
 0.000000000000000D+00 0.000000000000000D+00 0.000000000000000D+00
 0.000000000000000D+00 0.000000000000000D+00 0.000000000000000D+00
 0.000000000000000D+00 0.000000000000000D+00 0.000000000000000D+00
 0.000000000000000D+00 0.000000000000000D+00 0.000000000000000D+00
 0.000000000000000D+00 0.000000000000000D+00 0.000000000000000D+00
 0.000000000000000D+00 0.000000000000000D+00 0.000000000000000D+00
 0.000000000000000D+00 0.000000000000000D+00 0.000000000000000D+00
 0.000000000000000D+00 0.000000000000000D+00 0.000000000000000D+00
 0.000000000000000D+00 0.000000000000000D+00 0.000000000000000D+00
 0.000000000000000D+00 0.000000000000000D+00 0.000000000000000D+00
 0.000000000000000D+00 0.000000000000000D+00 0.000000000000000D+00
 0.000000000000000D+00 0.000000000000000D+00
 0.000000000000000D+00 0.000000000000000D+00
 0.000000000000000D+00 0.000000000000000D+00
 0.000000000000000D+00 0.000000000000000D+00
 0.000000000000000D+00 0.000000000000000D+00
 0.000000000000000D+00 0.000000000000000D+00
 0.000000000000000D+00 0.000000000000000D+00
 0.000000000000000D+00 0.000000000000000D+00
-0.262051406120300D+05 0.686709394496266D+09
 0.000000000000000D+00 0.000000000000000D+00
 0.000000000000000D+00 0.000000000000000D+00
 0.000000000000000D+00 0.000000000000000D+00
 0.000000000000000D+00 0.000000000000000D+00
 0.000000000000000D+00 0.000000000000000D+00
 0.000000000000000D+00 0.000000000000000D+00
 0.000000000000000D+00 0.000000000000000D+00
 0.000000000000000D+00 0.000000000000000D+00
 0.000000000000000D+00 0.000000000000000D+00
 0.000000000000000D+00 0.000000000000000D+00
 0.000000000000000D+00 0.000000000000000D+00
 0.000000000000000D+00 0.000000000000000D+00
 0.000000000000000D+00 0.000000000000000D+00
 0.000000000000000D+00 0.000000000000000D+00
 0.000000000000000D+00 0.000000000000000D+00
 0.000000000000000D+00 0.000000000000000D+00
 0.000000000000000D+00 0.000000000000000D+00
 0.000000000000000D+00 0.000000000000000D+00
 0.000000000000000D+00 0.000000000000000D+00
 0.000000000000000D+00 0.000000000000000D+00
 0.000000000000000D+00 0.000000000000000D+00
 0.000000000000000D+00 0.000000000000000D+00
 0.000000000000000D+00 0.000000000000000D+00
 0.000000000000000D+00 0.000000000000000D+00
 0.000000000000000D+00 0.000000000000000D+00
 0.000000000000000D+00 0.000000000000000D+00
 0.000000000000000D+00 0.000000000000000D+00
 0.000000000000000D+00 0.000000000000000D+00
 0.000000000000000D+00 0.000000000000000D+00
 0.000000000000000D+00 0.000000000000000D+00
 0.000000000000000D+00 0.000000000000000D+00
 0.000000000000000D+00 0.000000000000000D+00
 0.000000000000000D+00 0.000000000000000D+00
 0.000000000000000D+00 0.000000000000000D+00
 0.000000000000000D+00 0.000000000000000D+00
 0.000000000000000D+00 0.000000000000000D+00
 0.000000000000000D+00 0.000000000000000D+00
 0.000000000000000D+00 0.000000000000000D+00
 0.000000000000000D+00 0.000000000000000D+00
 0.000000000000000D+00 0.000000000000000D+00
 0.000000000000000D+00 0.000000000000000D+00
 0.000000000000000D+00 0.000000000000000D+00
 0.000000000000000D+00 0.000000000000000D+00
 0.000000000000000D+00 0.000000000000000D+00
 0.000000000000000D+00 0.000000000000000D+00
 0.000000000000000D+00 0.000000000000000D+00
 0.000000000000000D+00 0.000000000000000D+00
 0.000000000000000D+00 0.000000000000000D+00
 0.000000000000000D+00 0.000000000000000D+00
 0.000000000000000D+00 0.000000000000000D+00
 0.000000000000000D+00 0.000000000000000D+00
 0.000000000000000D+00 0.000000000000000D+00
 0.000000000000000D+00 0.000000000000000D+00
 0.000000000000000D+00 0.000000000000000D+00
 0.000000000000000D+00 0.000000000000000D+00
 0.000000000000000D+00 0.000000000000000D+00
 0.000000000000000D+00 0.000000000000000D+00
 0.000000000000000D+00 0.000000000000000D+00
 0.000000000000000D+00 0.000000000000000D+00
 0.000000000000000D+00 0.000000000000000D+00
 0.000000000000000D+00 0.000000000000000D+00
 0.000000000000000D+00 0.000000000000000D+00
 0.000000000000000D+00 0.000000000000000D+00
 0.000000000000000D+00 0.000000000000000D+00
 0.000000000000000D+00 0.000000000000000D+00
 0.000000000000000D+00 0.000000000000000D+00
 0.000000000000000D+00 0.000000000000000D+00
 0.000000000000000D+00 0.000000000000000D+00
 0.000000000000000D+00 0.000000000000000D+00
 0.000000000000000D+00 0.000000000000000D+00
 0.000000000000000D+00 0.000000000000000D+00
 0.000000000000000D+00 0.000000000000000D+00
 0.000000000000000D+00 0.000000000000000D+00
 0.000000000000000D+00 0.000000000000000D+00
 0.000000000000000D+00 0.000000000000000D+00
 0.000000000000000D+00 0.000000000000000D+00
 0.000000000000000D+00 0.000000000000000D+00
 0.000000000000000D+00 0.000000000000000D+00
 0.000000000000000D+00 0.000000000000000D+00
 0.000000000000000D+00 0.000000000000000D+00
 0.000000000000000D+00 0.000000000000000D+00
 0.000000000000000D+00 0.000000000000000D+00
 0.000000000000000D+00 0.000000000000000D+00
 0.000000000000000D+00 0.000000000000000D+00
 0.000000000000000D+00 0.000000000000000D+00
 0.000000000000000D+00 0.000000000000000D+00
 0.000000000000000D+00 0.000000000000000D+00
 0.000000000000000D+00 0.000000000000000D+00
 0.000000000000000D+00 0.000000000000000D+00
 0.000000000000000D+00 0.000000000000000D+00
 0.000000000000000D+00 0.000000000000000D+00
 0.000000000000000D+00 0.000000000000000D+00
 0.000000000000000D+00 0.000000000000000D+00
 0.000000000000000D+00 0.000000000000000D+00
 0.000000000000000D+00 0.000000000000000D+00
 0.000000000000000D+00 0.000000000000000D+00
 0.000000000000000D+00 0.000000000000000D+00
 0.000000000000000D+00 0.000000000000000D+00
 0.000000000000000D+00 0.000000000000000D+00
 0.000000000000000D+00 0.000000000000000D+00
 0.000000000000000D+00 0.000000000000000D+00
 0.000000000000000D+00 0.000000000000000D+00
 0.000000000000000D+00 0.000000000000000D+00
 0.000000000000000D+00 0.000000000000000D+00
 0.000000000000000D+00 0.000000000000000D+00
 0.000000000000000D+00 0.000000000000000D+00
 0.000000000000000D+00 0.000000000000000D+00
 0.000000000000000D+00 0.000000000000000D+00
 0.000000000000000D+00 0.000000000000000D+00
 0.000000000000000D+00 0.000000000000000D+00
 0.000000000000000D+00 0.000000000000000D+00
 0.000000000000000D+00 0.000000000000000D+00
 0.000000000000000D+00 0.000000000000000D+00
 0.000000000000000D+00 0.000000000000000D+00
 0.000000000000000D+00 0.000000000000000D+00
 0.000000000000000D+00 0.000000000000000D+00
 0.000000000000000D+00 0.000000000000000D+00
 0.000000000000000D+00 0.000000000000000D+00
 0.000000000000000D+00 0.000000000000000D+00
 0.000000000000000D+00 0.000000000000000D+00 0.000000000000000D+00
 0.000000000000000D+00 0.000000000000000D+00 0.000000000000000D+00
 0.000000000000000D+00 0.000000000000000D+00 0.000000000000000D+00
 0.000000000000000D+00 0.000000000000000D+00 0.000000000000000D+00
 0.000000000000000D+00 0.000000000000000D+00 0.000000000000000D+00
 0.000000000000000D+00 0.000000000000000D+00 0.000000000000000D+00
 0.000000000000000D+00 0.000000000000000D+00 0.000000000000000D+00
 0.000000000000000D+00 0.000000000000000D+00 0.000000000000000D+00
 0.000000000000000D+00 0.000000000000000D+00 0.000000000000000D+00
-0.261933776988883D+05-0.261933776988883D+05 0.686093035276617D+09
 0.140022578077995D+05 0.140022578077995D+05 0.196063223716081D+09
 0.887409122506436D+04 0.887409122506436D+04 0.787494950707643D+08
-0.678211812475566D+04-0.678211812475566D+04 0.459971262581392D+08
 0.257687428741094D+05 0.257687428741094D+05 0.664028109311966D+09
 0.255921380514529D+04 0.255921380514529D+04 0.654957530044622D+07
 0.218460070262894D+04 0.218460070262894D+04 0.477248022992684D+07
-0.317463070484393D+04-0.317463070484393D+04 0.100782801121378D+08
-0.102324241008389D+05-0.102324241008389D+05 0.104702502979429D+09
-0.000000000000000D+00 0.000000000000000D+00 0.000000000000000D+00
-0.000000000000000D+00 0.000000000000000D+00 0.000000000000000D+00
-0.000000000000000D+00 0.000000000000000D+00 0.000000000000000D+00
-0.000000000000000D+00 0.000000000000000D+00 0.000000000000000D+00
-0.000000000000000D+00 0.000000000000000D+00 0.000000000000000D+00
-0.000000000000000D+00 0.000000000000000D+00 0.000000000000000D+00
-0.000000000000000D+00 0.000000000000000D+00 0.000000000000000D+00
-0.000000000000000D+00 0.000000000000000D+00 0.000000000000000D+00
-0.000000000000000D+00 0.000000000000000D+00 0.000000000000000D+00
-0.735897556527144D+05-0.735897556527144D+05 0.541545213702622D+10
 0.396917182085181D+05 0.396917182085181D+05 0.157543249434440D+10
 0.256202534438935D+05 0.256202534438935D+05 0.656397386529337D+09
-0.197127956788716D+05-0.197127956788716D+05 0.388594313476937D+09
 0.739689716852999D+05 0.739689716852999D+05 0.547140877218070D+10
 0.723638292695814D+04 0.723638292695814D+04 0.523652378655713D+08
 0.650079881465249D+04 0.650079881465249D+04 0.422603852285872D+08
-0.915170815295110D+04-0.915170815295110D+04 0.837537621167916D+08
-0.290206307795841D+05-0.290206307795841D+05 0.842197010844943D+09
 0.000000000000000D+00 0.000000000000000D+00 0.000000000000000D+00
 0.000000000000000D+00 0.000000000000000D+00 0.000000000000000D+00
 0.000000000000000D+00 0.000000000000000D+00 0.000000000000000D+00
 0.000000000000000D+00 0.000000000000000D+00 0.000000000000000D+00
 0.000000000000000D+00 0.000000000000000D+00 0.000000000000000D+00
 0.000000000000000D+00 0.000000000000000D+00 0.000000000000000D+00
 0.000000000000000D+00 0.000000000000000D+00 0.000000000000000D+00
 0.000000000000000D+00 0.000000000000000D+00 0.000000000000000D+00
 0.000000000000000D+00 0.000000000000000D+00 0.000000000000000D+00
 0.000000000000000D+00 0.000000000000000D+00 0.000000000000000D+00
 0.000000000000000D+00 0.000000000000000D+00 0.000000000000000D+00
 0.000000000000000D+00 0.000000000000000D+00 0.000000000000000D+00
 0.000000000000000D+00 0.000000000000000D+00 0.000000000000000D+00
 0.000000000000000D+00 0.000000000000000D+00 0.000000000000000D+00
 0.000000000000000D+00 0.000000000000000D+00
 0.000000000000000D+00 0.000000000000000D+00
 0.000000000000000D+00 0.000000000000000D+00
 0.000000000000000D+00 0.000000000000000D+00
 0.000000000000000D+00 0.000000000000000D+00
 0.000000000000000D+00 0.000000000000000D+00
 0.000000000000000D+00 0.000000000000000D+00
 0.000000000000000D+00 0.000000000000000D+00
 0.000000000000000D+00 0.000000000000000D+00
-0.261933776988883D+05 0.686093035276617D+09
 0.140022578077995D+05 0.196063223716081D+09
 0.887409122506436D+04 0.787494950707643D+08
-0.678211812475566D+04 0.459971262581392D+08
 0.257687428741094D+05 0.664028109311966D+09
 0.255921380514529D+04 0.654957530044622D+07
 0.218460070262894D+04 0.477248022992684D+07
-0.317463070484393D+04 0.100782801121378D+08
-0.102324241008389D+05 0.104702502979429D+09
 0.000000000000000D+00 0.000000000000000D+00
 0.000000000000000D+00 0.000000000000000D+00
 0.000000000000000D+00 0.000000000000000D+00
 0.000000000000000D+00 0.000000000000000D+00
 0.000000000000000D+00 0.000000000000000D+00
 0.000000000000000D+00 0.000000000000000D+00
 0.000000000000000D+00 0.000000000000000D+00
 0.000000000000000D+00 0.000000000000000D+00
 0.000000000000000D+00 0.000000000000000D+00
-0.735897556527144D+05 0.541545213702622D+10
 0.396917182085181D+05 0.157543249434440D+10
 0.256202534438935D+05 0.656397386529337D+09
-0.197127956788716D+05 0.388594313476937D+09
 0.739689716852999D+05 0.547140877218070D+10
 0.723638292695814D+04 0.523652378655713D+08
 0.650079881465249D+04 0.422603852285872D+08
-0.915170815295110D+04 0.837537621167916D+08
-0.290206307795841D+05 0.842197010844943D+09
 0.000000000000000D+00 0.000000000000000D+00
 0.000000000000000D+00 0.000000000000000D+00
 0.000000000000000D+00 0.000000000000000D+00
 0.000000000000000D+00 0.000000000000000D+00
 0.000000000000000D+00 0.000000000000000D+00
 0.000000000000000D+00 0.000000000000000D+00
 0.000000000000000D+00 0.000000000000000D+00
 0.000000000000000D+00 0.000000000000000D+00
 0.000000000000000D+00 0.000000000000000D+00
 0.000000000000000D+00 0.000000000000000D+00
 0.000000000000000D+00 0.000000000000000D+00
 0.000000000000000D+00 0.000000000000000D+00
 0.000000000000000D+00 0.000000000000000D+00
 0.000000000000000D+00 0.000000000000000D+00

 !XOLD, YOLD, ZOLD
 0.521376487393349D+01 0.687918038452992D+01-0.105200766172236D+01
 0.517436624124167D+01 0.616043425039603D+01-0.184575692361904D+01
 0.594202448797875D+01 0.762163596170233D+01-0.128979977027145D+01
 0.365330951997225D+01 0.769651294529073D+01-0.844488847850962D+00
 0.570091198603981D+01 0.614858075932873D+01 0.469365487356896D+00
 0.364203574779692D+01 0.283650234480421D+01-0.915847890012620D+01
 0.396497311183171D+01 0.294647205413495D+01-0.101809474279175D+02
 0.417941568278361D+01 0.215902482659643D+01-0.851893066572178D+01
 0.373151539706025D+01 0.446482674931130D+01-0.847513980741639D+01
 0.195995746571321D+01 0.229396977812724D+01-0.910188369388493D+01
 0.203541955481104D+01-0.719967951145093D+01-0.702330182757605D+01
 0.151347756997112D+01-0.641718668434198D+01-0.750519363257094D+01
 0.151464913894650D+01-0.748665800032942D+01-0.609667369087230D+01
 0.216294814030746D+01-0.850652190160885D+01-0.819037891627429D+01
 0.364118906226104D+01-0.654247017836129D+01-0.661698742037311D+01
-0.100731316176965D+01-0.973904775269782D+01 0.611857220829167D+01
-0.747795186398594D-01-0.102176470690356D+02 0.594646912711851D+01
-0.945815929603143D+00-0.889223070489726D+01 0.680776798998808D+01
-0.158517783281066D+01-0.917724128312280D+01 0.452623131920942D+01
-0.207043358425669D+01-0.109339170643647D+02 0.689209666616739D+01
-0.181024926113580D+01 0.437135862716082D+01-0.173526598935057D+01
-0.173537088401829D+01 0.401471428394343D+01-0.273478456784047D+01
-0.247570353231217D+01 0.375197334702452D+01-0.112616393829518D+01
-0.167630272747118D+00 0.427955845572491D+01-0.111643840951943D+01
-0.240808577566427D+01 0.602903389432464D+01-0.176224305907151D+01
-0.114218310938897D+02 0.103814551374619D+02 0.695116113724691D+01
-0.116254839438842D+02 0.109788089938663D+02 0.773989108157785D+01
-0.108678389090039D+02 0.110147742458108D+02 0.615274290220385D+01
-0.104336874337590D+02 0.889293799611923D+01 0.722307385102952D+01
-0.130159083036955D+02 0.982888817170985D+01 0.642539503584700D+01
-0.713673361536788D+01 0.716677242658630D+00 0.683101313498291D+01
-0.649342840146571D+01 0.580154081073844D-02 0.718642564337384D+01
-0.727815226945313D+01 0.900463588306718D+00 0.773227969179605D+01
-0.641458517494078D+01 0.196716290208259D+01 0.592618322972196D+01
-0.862027603746014D+01 0.379312685190458D+00 0.594230377461148D+01
 0.121930028687154D+02-0.477590769048638D+01-0.156206055193609D+01
 0.122400501171637D+02-0.583703915055122D+01-0.143243935262727D+01
 0.112575834196506D+02-0.445861320617965D+01-0.198725778519446D+01
 0.122529969733230D+02-0.396524419611789D+01 0.405185086488481D-02
 0.134159410789038D+02-0.424069144554905D+01-0.267424439432923D+01
 0.570745702688944D+01-0.762361056125270D+00 0.611117895720739D+01
 0.638038380366795D+01 0.234342299778125D-01 0.578957458234371D+01
 0.518925000866265D+01-0.120073919327787D+01 0.526985394137601D+01
 0.673592944551956D+01-0.192735957173318D+01 0.701237935146720D+01
 0.459498643555381D+01 0.739321074745224D-02 0.721838948821934D+01
-0.156355882302546D+01 0.845057916003845D+01 0.116881587401969D+01
-0.245474883057620D+01 0.817005273013297D+01 0.918177408467390D+00
-0.140932502282997D+01 0.783074527111859D+01 0.235716882645180D+01
-0.287698743502780D+00 0.813127174659076D+01-0.141651951761803D-01
-0.637096900794572D+00 0.102249525212415D+02 0.130621977216478D+01
 0.914097585131418D+01-0.105312808896452D+02-0.930871171792565D+01
 0.872799249062901D+01-0.104800792390753D+02-0.846196540935408D+01
 0.979627295401741D+01-0.114092858627096D+02-0.953915000152519D+01
 0.757331181591848D+01-0.108921337321915D+02-0.996830352566836D+01
 0.989621202582146D+01-0.912028410037871D+01-0.927212422110282D+01
-0.615803800151062D+01-0.640298695702262D+01 0.365774061716951D+01
-0.712593861996557D+01-0.670603330462670D+01 0.398756298946408D+01
-0.541128423093024D+01-0.623638342906006D+01 0.440411796809736D+01
-0.551589655264415D+01-0.772631292720721D+01 0.275423934983334D+01
-0.622967215059170D+01-0.486578377584109D+01 0.277860762272034D+01
-0.686659740702176D+01-0.114845734858173D+01 0.360116681402286D+01
-0.625200091010322D+01-0.195732048071471D-01 0.320243943763468D+01
-0.598643320903306D+01-0.224439963627512D-01 0.242151688231420D+01
-0.585815571940184D+01-0.231621732102879D+00 0.465713284501856D+01
-0.805111239378809D+01-0.220601623763456D+01 0.323173740414651D+01
 0.587547782206470D+01-0.941748106421342D+01 0.585510424651860D+01
 0.541081697464861D+01-0.968808204350787D+01 0.497438251225030D+01
 0.662820916669434D+01-0.869019772868926D+01 0.564252027404039D+01
 0.444754730080590D+01-0.903992221923791D+01 0.660049977278151D+01
 0.659089135128046D+01-0.107177197400378D+02 0.668489314610175D+01
-0.837334278906376D+00-0.652798811593124D+01 0.242571709346012D+01
-0.198606026413599D+00-0.579505502957646D+01 0.288792947235288D+01
-0.103624431669714D+01-0.616964082171288D+01 0.142068720259680D+01
-0.196832697347867D-02-0.806261003035359D+01 0.233508139256887D+01
-0.230504595115718D+01-0.653751643757633D+01 0.329788125691060D+01
-0.423890915041832D+01-0.201697644268586D+01 0.109551621625553D+02
-0.288846539371217D+01-0.232640388175300D+01 0.113200260038219D+02
-0.300737078938990D+01-0.131197777027176D+01 0.114506163670247D+02
-0.412982853058632D+01-0.216307101191087D+01 0.103499794413932D+02
-0.449048431411843D+01-0.192820423560881D+01 0.120221125962498D+02
 0.831255654607051D+01 0.317322607440269D+01-0.235436461974944D+01
 0.913208984308292D+01 0.230617084230117D+01-0.294945657231124D+01
 0.746970730268022D+01 0.268350569845888D+01-0.184030335660433D+01
 0.932692441003785D+01 0.362546039411485D+01-0.423848153968579D+00
 0.790618710152321D+01 0.447744188450736D+01-0.338955059466991D+01
 0.619805362035458D+00 0.938560711075561D+01-0.595311533392842D+01
 0.166771255293473D+01 0.962173809178566D+01-0.599069616615045D+01
 0.234528097635498D-01 0.100848181961755D+02-0.535910873537351D+01
 0.162244214537988D+00 0.966976292681460D+01-0.760947225530361D+01
 0.194991953386437D+00 0.783832911849427D+01-0.527018490874222D+01
-0.106992810895185D+02-0.128080914215778D+02-0.685710368538865D+00
-0.121735154425586D+02-0.126427973652446D+02-0.290536897997137D-02
-0.112213477458886D+02-0.131350223005783D+02-0.170002011119455D+01
-0.979641419551818D+01-0.123107651162050D+02-0.396808582822489D-02
-0.109283882140959D+02-0.144907437060682D+02-0.449038036552659D-01
 0.103997499242407D+02 0.125000034927323D+02 0.132444910298207D+02
 0.963849783671436D+01 0.128502873614338D+02 0.130670813979259D+02
 0.111552491597109D+02 0.133937390401259D+02 0.131260487538206D+02
 0.999978306930202D+01 0.123532722609559D+02 0.150612096751327D+02
 0.112583902944488D+02 0.111356392944688D+02 0.124680061829059D+02
-0.126195340899185D+02 0.598806730813672D+00-0.921386065840575D+00
-0.126819422361121D+02-0.412625644043714D-01-0.174452255146216D+00
-0.132606688515804D+02 0.630025693467620D+00-0.177945548373604D+01
-0.131834434762158D+02 0.204703255955368D+01 0.437650547246141D-02
-0.109985658450399D+02 0.105772595476690D+01-0.129076712133263D+01
 0.139808910273664D+02-0.111640168947627D+02-0.987020387537172D+01
 0.133109116405225D+02-0.118880295387580D+02-0.102055869140391D+02
 0.149318441681649D+02-0.113969732517274D+02-0.941456375302807D+01
 0.144345271930420D+02-0.101583882810163D+02-0.112964857653712D+02
 0.133011031805143D+02-0.101058402799774D+02-0.856203353913919D+01
-0.111533438867285D+02-0.284358713827860D+01-0.100364282036808D+02
-0.116999018485254D+02-0.299619970031687D+01-0.109319356447793D+02
-0.104770691272133D+02-0.251326426542187D+01-0.965784464883832D+01
-0.124759480430298D+02-0.146211964499839D+01-0.946672802413411D+01
-0.122328541239211D+02-0.412861672746644D+01-0.889120686396937D+01
-0.386486207657803D+01 0.896562452824692D+00-0.379645726831890D+00
-0.380883221702862D+01 0.607283489951809D+00-0.139815815738810D+01
-0.400006244092653D+01 0.196221416572736D+01-0.166115629933210D+00
-0.517626653012590D+01 0.105142956245428D+00 0.388782592627207D+00
-0.233714552827236D+01 0.466646491923956D+00 0.317940080134533D+00
-0.133176344247324D+02 0.625578634057821D+01 0.790358595396327D+01
-0.133283736556768D+02 0.527940871769481D+01 0.839293335332869D+01
-0.130796930533079D+02 0.624538284771005D+01 0.699835684512427D+01
-0.146087912476940D+02 0.723666949622643D+01 0.845240448824522D+01
-0.119935995399615D+02 0.671873117639146D+01 0.928319645650918D+01
 0.525839946943761D+00 0.476506458485808D+00-0.108261923208606D+02
-0.115159798538209D-01-0.138748448277014D+00-0.102139030558283D+02
 0.159579784235559D+01 0.352728223689625D+00-0.109459772544773D+02
-0.147835291171684D-01 0.527938164791757D-01-0.125819522852879D+02
 0.106872331001404D+00 0.213143537339735D+01-0.104530502488909D+02
 0.728934463733933D+01 0.686196571481036D+01 0.907527679178660D+01
 0.707946901318502D+01 0.600550749434413D+01 0.100506725557635D+02
 0.655143409082637D+01 0.765217749678119D+01 0.938079825457799D+01
 0.859363569070239D+01 0.691952810795091D+01 0.800562387518581D+01
 0.524487473840944D+01 0.593519291814881D+01 0.839076376353229D+01
 0.167680915676084D+01-0.118746872571319D+02 0.167940370356681D+01
 0.219788120008146D+01-0.115054106625224D+02 0.253690740219168D+01
 0.811946946133993D+00-0.112734397387665D+02 0.146856460272964D+01
 0.290742523067103D+01-0.115799056279848D+02 0.341677756649756D+00
 0.109584346232787D+01-0.135758869815064D+02 0.195091164587506D+01
 0.217484582648025D+01 0.258656138299261D+01 0.986882812546122D+01
 0.225471506990687D+01 0.251329742136570D+01 0.878863111557794D+01
 0.290228993920536D+01 0.211211831565191D+01 0.105248189118199D+02
 0.217134632777653D+01 0.430373415917416D+01 0.100438312924298D+02
 0.599863768652078D+00 0.195357405765745D+01 0.103470643841304D+02
-0.427652806043670D+01-0.744914571314098D+00-0.382302744455933D+01
-0.433490584371861D+01-0.145046344181377D+00-0.470376835943247D+01
-0.409050436818019D+01-0.155000344025655D+00-0.292779544670732D+01
-0.581778790094696D+01-0.155695149262377D+01-0.355978619743140D+01
-0.282963674507778D+01-0.183207701373808D+01-0.414927006904516D+01
-0.260015267003217D+01 0.493784068175909D+01-0.581643560078327D+01
-0.218697610210859D+01 0.394697340518228D+01-0.579070304792185D+01
-0.281346312028373D+01 0.516264839883258D+01-0.684340308812206D+01
-0.407884072240042D+01 0.510685453591792D+01-0.491081204814300D+01
-0.158592826656410D+01 0.611930709234193D+01-0.506944959085989D+01
 0.421210677645929D+01 0.112957902524142D+02 0.511193412413141D+01
 0.525909135845906D+01 0.112699453796465D+02 0.508251242349162D+01
 0.389013352093415D+01 0.122651040699998D+02 0.484929685934780D+01
 0.363052611117121D+01 0.101337806948622D+02 0.398917753679214D+01
 0.371401585487199D+01 0.111327133595701D+02 0.674257784569732D+01
 0.176022115414483D+01-0.188376814499301D+01 0.179517786846953D+01
 0.121064917754354D+01-0.204336866570884D+01 0.247857313047408D+01
 0.248901917066342D+01-0.275685109787589D+01 0.157125582105282D+01
 0.103243394474441D+01-0.126691673539340D+01 0.360728141254182D+00
 0.347611063740127D+01-0.830137110445667D+00 0.187447421884168D+01
 0.407515693073006D+01-0.671882376698020D+00-0.101267004371178D+02
 0.404336864572304D+01-0.172452814182461D+01-0.990395779119572D+01
 0.331119054254695D+01-0.711815490399988D-01-0.963263455297248D+01
 0.559697136894559D+01-0.340426529343140D-01-0.954432651960415D+01
 0.392555024448872D+01-0.400393351391146D+00-0.118430002313741D+02
-0.840817208133698D+01 0.943655161228026D+01 0.141882421976723D+02
-0.905160125784454D+01 0.959569216330370D+01 0.150043434279300D+02
-0.802618132051869D+01 0.100930216153052D+02 0.135092294309357D+02
-0.732495166593756D+01 0.819823550120616D+01 0.143672973915223D+02
-0.903530252955848D+01 0.810461941341573D+01 0.133895107281596D+02
-0.779498023068505D+01-0.471157744324888D+01-0.205624753997099D+01
-0.680257495066769D+01-0.432995677111960D+01-0.184724834108112D+01
-0.831077593020585D+01-0.515188145007549D+01-0.120546373416694D+01
-0.886665694481540D+01-0.339319188663520D+01-0.258930991968822D+01
-0.778485041641412D+01-0.595615395811876D+01-0.322276874828248D+01
-0.220498492454354D+01-0.677967424493841D+00-0.136160238777936D+02
-0.296485941696651D+01-0.162436941683358D+01-0.119515272472192D+02
-0.134367496152706D+01-0.881605789441764D+00-0.136092864217774D+02
-0.300765730421443D+01-0.302373789218393D+01-0.139549066326511D+02
-0.373197020615571D+01-0.113798696781498D+00-0.141140904435290D+02
 0.209940946908000D+01-0.125063694890381D+02-0.706104909116920D+00
 0.120867441553941D+01-0.108344160691721D+02-0.386387926528934D+00
 0.252264829073485D+01-0.118105158755330D+02-0.170489423403557D+01
 0.282898551482343D+01-0.130883539145534D+02-0.581331869828944D+00
 0.525836844452243D-01-0.127025558452172D+02-0.999647196238791D+00
 0.305037597007389D+01-0.100296928255405D+01-0.268738372300842D+01
 0.242912266123193D+01-0.123453813185389D+00-0.293534451707530D+01
 0.246780575230396D+01-0.192038005570369D+01-0.277736624090493D+01
 0.421536933041713D+01-0.112427371028938D+01-0.396085227599438D+01
 0.368177498344590D+01-0.920998243922319D+00-0.123857544161166D+01
-0.495175983076310D+01 0.879338219741760D+01-0.260624922371681D+01
-0.536900481974039D+01 0.865533403546451D+01-0.220891433608166D+01
-0.512287036501166D+01 0.933842736449101D+01-0.243553365442301D+01
-0.434116114886487D+01 0.913915547881634D+01-0.106931693569916D+01
-0.396240488524721D+01 0.843373494386652D+01-0.382868070845282D+01
-0.411188297564249D+01 0.126234106781909D+02 0.100544206541970D+02
-0.319447457674020D+01 0.120916806969669D+02 0.992511126889870D+01
-0.434692749750371D+01 0.131298861001942D+02 0.912854886153659D+01
-0.541561673556142D+01 0.116745037593212D+02 0.105702462946005D+02
-0.380684543976263D+01 0.147512878727898D+02 0.105043279368577D+02
-0.915664435816393D+01-0.831176268965589D+00-0.130686481719378D+02
-0.963522231512612D+01-0.177425039342315D+01-0.132122692554691D+02
-0.822430252574488D+01-0.852197563118351D+00-0.125167178547723D+02
-0.891227669780311D+01-0.154777114833002D+00-0.146627460255056D+02
-0.103421025743076D+02-0.148859916677135D+00-0.120174260633901D+02
 0.730759832708647D+01-0.436000176654232D+01-0.397715700485188D+01
 0.715559754225298D+01-0.379633251768272D+01-0.303145929716526D+01
 0.770635956670549D+01-0.360498096657803D+01-0.465741957776345D+01
 0.851942598861795D+01-0.566595797327492D+01-0.369124467246769D+01
 0.574372991600598D+01-0.495374097313078D+01-0.465483732157971D+01
 0.203323441483446D+01-0.128296953716246D+02 0.706464562328603D+01
 0.196560115238947D+01-0.136347018830165D+02 0.802567668045876D+01
 0.599663404159153D+00-0.121914751482573D+02 0.752561861647122D+01
 0.272461950707100D+01-0.117494390037119D+02 0.827752951563395D+01
 0.208277103902530D+01-0.124013031063280D+02 0.588799351543319D+01
-0.438291750438002D+00 0.137422524693868D+02-0.685803155663837D+01
 0.902049880688026D-02 0.128199330512438D+02-0.731669760736882D+01
 0.598956355898639D-01 0.146709776953568D+02-0.671407988564459D+01
-0.211071418478890D+01 0.141612640883974D+02-0.794946474533992D+01
-0.125426007840286D+01 0.134795365257083D+02-0.514220358176576D+01
 0.973542122491095D+01 0.842046581899977D+01-0.245549357871316D+01
 0.902480103101814D+01 0.707896445677753D+01-0.134950160426086D+01
 0.106126784386970D+02 0.861938141830415D+01-0.248441796414682D+01
 0.877911086197228D+01 0.792629601619609D+01-0.392107713720532D+01
 0.908414699777365D+01 0.961130691272219D+01-0.142014637647797D+01
-0.990701340192429D+01 0.869113084604315D+00 0.250402262705525D+01
-0.102971828187910D+02 0.109072794393668D+01 0.150526473706005D+01
-0.911117618228099D+01 0.147101946495729D+00 0.264740044983444D+01
-0.957318143279753D+01 0.247557753231167D+01 0.325438028139765D+01
-0.110371791718576D+02 0.200089234577441D+00 0.366810322090027D+01
-0.329896963207145D+01 0.801897136460432D+01 0.731460456989060D+01
-0.372192507150835D+01 0.859632120717196D+01 0.781902474506718D+01
-0.240934649584007D+01 0.747681387461125D+01 0.767542942914888D+01
-0.438984086519956D+01 0.674034942585627D+01 0.664161986563961D+01
-0.229261976107899D+01 0.869518088029532D+01 0.577932543261568D+01
-0.361205057468023D+01-0.176908115445716D+01 0.687811611110557D+00
-0.315499972513081D+01-0.114362597405251D+01-0.310473951281356D-01
-0.328014425343614D+01-0.162616116705938D+01 0.162386365570826D+01
-0.503154410008998D+01-0.222613591675259D+01 0.243466243930390D+00
-0.311790643649739D+01-0.332227774857549D+01 0.130644004721715D+00
-0.945456272464076D+00-0.622768070807116D+01-0.749110235982241D+01
-0.438406775691551D+00-0.649742437424062D+01-0.667012897236056D+01
-0.222905057987802D+00-0.638207723314146D+01-0.820124989218016D+01
-0.231635268792677D+01-0.728308428655834D+01-0.784713239780284D+01
-0.141444950660864D+01-0.450959488325100D+01-0.755679994559843D+01
-0.173161049096028D+01-0.931149734118414D+00 0.601591462387498D+01
-0.739819623400721D+00-0.141486251926741D+01 0.542299326540389D+01
-0.222616274783227D+01-0.176770011591695D+01 0.519923349946440D+01
-0.269393006419149D+01-0.131589240624649D+01 0.683095700661356D+01
-0.188632500508495D+01-0.160344444722697D+00 0.571379765088672D+01
-0.617279020965846D+01 0.121437539712805D+02 0.390588012770950D+01
-0.618316739109965D+01 0.125067652680511D+02 0.491992271582284D+01
-0.668903008670204D+01 0.112021950611817D+02 0.390643398278633D+01
-0.696812205752382D+01 0.131798421248876D+02 0.274782520473564D+01
-0.449284420759861D+01 0.120922882051931D+02 0.329331635434589D+01

 !VX, VY, VZ
 0.155889439947593D-01 0.641901621497132D-01-0.625366752537378D-01
-0.402695262751984D+00 0.238457738704264D+00-0.437620305622786D+00
 0.172132759212303D+00-0.988800974781125D-01-0.192033360850867D+00
-0.581413192916182D-01-0.327438909529468D-01-0.133954899269445D-01
 0.687184930256309D-01 0.327515577318736D-01 0.708023166051509D-01
 0.571321288143242D-01-0.245027303585071D+00 0.308604557526323D+00
-0.226800102349580D+00 0.311350124017381D+00 0.143539201077752D+00
-0.385585732616347D-01-0.233451881745995D+00-0.165039035657956D+00
-0.219993678795426D-01 0.748609292583143D-01-0.539785678436026D-01
-0.769841039296593D-01-0.502989622830771D-02 0.567865009539312D-01
-0.166553277470528D+00-0.124990593913687D+00-0.846752095195495D-01
 0.182369762738193D+00 0.219416291658771D+00-0.777370375632921D+00
 0.728710274112371D-01-0.252794825806844D+00 0.337000048412372D+00
 0.358589187070718D-01 0.733537491858457D-02 0.118033047267952D-01
 0.106426991843191D+00 0.129936808367892D-02 0.525843344414153D-02
 0.542356453598709D-01 0.225462004118799D-02 0.130276174436297D+00
 0.183807415568150D+00-0.392277061548129D+00 0.252561918866303D+00
-0.489434166907999D+00 0.616481868381548D+00-0.224986798928801D+00
 0.231491410724626D-01-0.459317699680028D-01-0.206048128858966D-01
-0.235113248342064D-01 0.722956202995344D-01-0.308666136012966D-01
 0.541136823424737D-01 0.318335309217076D-01 0.629647302513805D-01
 0.212142520210954D-01 0.329916878645436D+00-0.505380362324576D+00
-0.256394243458372D+00 0.898669521843691D+00-0.164904089887255D+00
 0.637685059910989D-01-0.819538376688686D-01-0.626221028248845D-01
 0.634465249565273D-01 0.169671551404313D-01 0.709733310587986D-01
-0.108258745008792D+00-0.184027613152164D+00 0.823668498816844D-01
-0.566166822086574D-01 0.335349622198598D+00 0.345873864148855D+00
 0.312359667743685D+00 0.299959917149588D+00 0.250296058516813D+00
-0.582739990750225D-01-0.135800882842046D-01-0.626092722122196D-02
 0.833214289777280D-02 0.667027593709286D-01 0.663577773292159D-01
-0.342874749866201D-02 0.233531621840132D-01 0.641444939657504D-02
 0.643862509218651D-01 0.257106353802172D+00 0.267414235707651D+00
-0.246371662380522D+00 0.410883301367902D+00 0.141670993434116D+00
 0.970260427119924D-01 0.100920976759751D+00 0.508236737732557D-01
-0.704581920607952D-02 0.218504779283052D-01 0.101534641189175D-01
-0.929081029923690D-01-0.101835834236017D+00-0.761469672041866D-01
 0.152852873872941D+00-0.604351005362341D-01 0.239504035696361D+00
-0.257614661860037D-01-0.351294718789985D-01 0.517774954702261D+00
 0.536075667355448D-01-0.452756478317988D-01-0.528509850710411D-02
-0.233390733868599D-02-0.446221313507541D-01-0.457362303721747D-01
 0.255149026280392D+00 0.695308169510488D-01 0.506856095239065D-01
 0.759391183451455D+00-0.848135316840422D-01-0.508548031925871D+00
-0.732875738522894D-01-0.256955981653586D+00 0.260318413313597D+00
 0.275492646932897D-01-0.109981248954426D+00 0.206895382660246D-01
 0.365558503866164D-01 0.389259440840352D-01-0.526473668635169D-01
-0.127922896710690D-01 0.626269550235979D-01-0.378224429196962D-02
 0.388300014340326D+00-0.302487774324591D+00 0.338388159811829D+00
-0.406612542499276D+00-0.409458923597235D+00 0.194954175374214D-01
-0.432653070194083D-01-0.755596417720287D-01-0.971138099753831D-01
-0.761258653016835D-01-0.180268510028691D-01-0.536070405944734D-01
 0.400465711764152D-01-0.150245406128604D+00 0.408326819063431D-01
-0.283929667809194D+00 0.239059406870855D+00 0.642908081419079D+00
-0.293606276704598D+00 0.565813968012344D+00 0.101205334616533D+00
 0.104821757066670D+00-0.120460106033251D+00 0.156006659233739D+00
 0.294563877705801D-01 0.714151157814022D-01-0.173608265644028D-01
-0.929431389806469D-03-0.104939910854543D+00-0.267092782128472D-01
-0.185343953003067D+00 0.218920849281258D+00-0.599789447545089D+00
 0.776685112698617D-01 0.380780219753198D+00 0.377021815181351D+00
-0.963811356472491D-01-0.151907597011179D-01 0.200109251935504D-01
 0.247322883739613D-02 0.874145757404306D-01-0.583242892216276D-01
 0.165083518961822D+00 0.556388429158850D-01 0.522712886704315D-01
-0.137452354767152D+00-0.316704115800964D+00 0.514575752270718D+00
-0.721767697334144D+00 0.674333010482160D-02-0.149979867085858D-01
-0.130996184661228D+00-0.163049673648286D-01-0.502155628513803D-01
 0.904092442231543D-01 0.103206738022696D-01 0.241696844734003D-01
 0.739338331194735D-01-0.964472305719536D-01-0.161180221956178D-02
 0.531671725483035D-01-0.285923723926202D+00-0.286224784047683D+00
-0.689308395434321D+00 0.215004531091284D+00-0.541278428487182D-02
-0.355893351566263D-01-0.539334262620215D-01-0.514498149937697D-02
 0.578951126182352D-02 0.710998901972072D-01 0.104947792938580D-01
-0.305047596022089D-01-0.119681722166079D+00-0.188150013287274D-01
-0.580636588819360D+00-0.653815053480144D-01-0.311219847531834D+00
 0.325873692980037D-01-0.234298452841122D+00 0.297578732237727D+00
-0.445002903192178D-01 0.353029366479239D-01-0.320068338492669D-01
-0.240879126191893D-01 0.172226540992280D-01 0.477659664660791D-02
 0.213768638241174D+01-0.425148659949909D-01 0.805648241477697D+00
-0.158861790681960D+02 0.682828438682687D+01-0.366490077178682D+01
-0.459553600652874D+01-0.314702145038856D+01 0.224812485453452D+00
-0.231762773555938D+00-0.186233389946487D+00 0.266524604682785D+00
 0.851429450091064D-02-0.166797479550208D+00-0.531719261988333D+00
-0.477015984881267D-01 0.144699300532001D+00 0.409059353833285D-01
 0.418050764563696D+00 0.136277134271012D-01 0.462702535640570D+00
-0.416615521773066D-01-0.143889271359521D+00 0.115722266269929D+00
 0.747405168494505D-01-0.431908857628328D-01-0.619823104664844D-01
 0.244344031688282D-01-0.169413495142794D-01 0.960904601413341D-01
 0.134926667074865D-01-0.425250967355799D-01-0.197736565176215D-01
 0.556794809744731D-02-0.678024511513620D-01 0.912863930158499D-01
 0.208095531454832D+00-0.771819646310392D-01 0.124015949852096D+00
 0.507301669517877D-01 0.199856350923851D-01 0.105820069675671D-01
 0.106976728118910D+00 0.511208882900884D-01-0.702886487907456D-01
-0.275008517873692D-01 0.699687014842222D-01 0.383122708365037D-01
-0.415531680553837D+00 0.472542805791697D+00-0.709152916462217D-01
 0.196138350797185D+00 0.671631157490243D+00-0.524044074501109D-01
-0.695952322799349D-01 0.667739487561450D-01 0.631507664276053D-02
 0.259764697632221D-01-0.631879613123072D-01 0.163858403161965D-01
-0.524898368909208D-01 0.429862849105290D-02-0.122801324068474D+00
 0.643141233524110D+00 0.777863686507450D+00-0.977904295566102D+00
 0.329585899024341D+00-0.131982379597382D+00-0.493317839952827D+00
-0.219328143881967D-01 0.619190253379096D-02 0.767469668071979D-01
 0.605347691870728D-01-0.104859509432850D+00 0.299560975644397D-01
-0.835314352938409D-01 0.529759804930297D-01-0.257205530904791D+00
-0.260702039544701D+00-0.149786762966930D+00-0.627242454582277D+00
 0.300267923626964D+00-0.364430234562958D+00-0.120177756980772D+00
 0.383321788336090D-01 0.211945378925539D-01-0.437195454275379D-01
-0.803871058627060D-02-0.610290057931846D-01 0.142588402985422D-01
 0.560030468761234D-01 0.483786004690683D-01-0.102219981494281D+00
-0.696942302711372D-01 0.300349535338106D+00 0.662645364193236D-01
-0.909132436929115D-01-0.293131743392555D+00-0.402220489952782D+00
 0.702320289416029D-01-0.295841905221966D-01 0.297256411688971D-01
-0.266393065254840D-01 0.104561960180279D+00-0.202151037658191D-01
 0.269504119457727D-02 0.139919168115354D+00 0.785397823826579D-01
 0.233618901213255D+00 0.452364169398780D-01 0.680356379886546D+00
-0.922357208200080D-01-0.326083153947495D+00-0.514278070156843D-01
 0.284892419971423D-01 0.486433326726105D-01 0.171131409423095D-01
-0.689455710594871D-02-0.126113429349952D-01 0.746823830910898D-01
-0.402949906287919D-01-0.822660923146094D-02-0.442773880995194D-01
-0.131307184387686D-01 0.354787812907472D+00 0.366064693012876D-01
-0.319768034795972D+00-0.938079395637540D-01-0.446519142705452D+00
 0.361619837835997D-01-0.569813438237507D-01 0.978407168118114D-01
 0.465686724836557D-01 0.233099477282259D-01 0.422235046442026D-01
 0.706145738200757D-01 0.723647320492857D-01 0.690659131219915D-01
-0.233077794221992D+00 0.470540732305016D+00-0.331383210590016D+00
 0.444487697515509D-01-0.683658157290080D-01 0.157399143421311D+00
 0.359404721447567D-01-0.181290682347008D-01-0.419185650395655D-01
-0.548765348458002D-01-0.149567321191373D-01 0.567367433863714D-02
-0.466536602134464D-01 0.137678512883810D+00-0.999557836276957D-02
-0.258496588072035D+00-0.618152419124784D+00 0.679841558997601D+00
 0.756368904786760D-01 0.244824317667874D+00 0.363153960876865D+00
-0.220856207644123D-01 0.393222699300288D-01-0.285359139500559D-01
-0.324043946430463D-01-0.335253851187610D-01-0.253010115343553D-03
 0.553315766435562D-02-0.144658050939763D+00-0.904305341784708D-02
 0.967605877417548D-01 0.555634248221612D+00-0.265851143816305D+00
-0.129853004632604D+00-0.128425266374626D+00-0.475629423615577D+00
 0.350356365349610D-01-0.519946697654087D-02-0.285759278331606D-01
 0.137960860150953D-01 0.365548213389157D-02 0.154633372007711D-01
 0.693458625494997D-01 0.268112953481367D-01-0.169104226236169D-01
 0.582020237551221D-01-0.113054121766416D-01-0.545313792378279D+00
 0.312898295686102D+00-0.312869559829888D-01 0.111472246049190D+00
-0.842954953017159D-01-0.222472113211874D+00-0.930352342652967D-01
 0.108157999792315D-02-0.637455852762619D-01 0.122721196840097D-01
-0.338590788186233D-02-0.143636681192305D+00-0.823319199967257D-02
-0.671002654798488D-01 0.371938003180465D+00-0.292744251961493D+00
-0.286427625805011D+00-0.534412509245764D+00 0.597335588831310D-01
 0.843586966451379D-01 0.992933108599226D-02 0.799788661362841D-02
 0.523552200952681D-01-0.108128168521598D+00-0.423918200158237D-01
 0.274346621292642D-01 0.719538019123441D-01 0.209765485065672D-02
-0.483094268604595D+00 0.395397911403416D+00-0.346983632622134D+00
 0.408913175847054D+00-0.364203306618285D+00-0.300544374374008D-01
-0.589419498216427D-01-0.812573305896777D-01 0.370618402496073D-01
 0.120573049193482D+00 0.166576946927704D-01 0.379887540386463D-01
 0.102582684022736D+00 0.796396444629519D-02 0.146517103159890D-01
 0.379549884761967D+00 0.168876740146515D+00-0.421757595772104D+00
-0.292693309066691D-01 0.434915414341204D+00 0.206033599493618D+00
-0.169780545424986D-01 0.154452775098393D-02 0.256454849004291D-01
-0.242399873924112D-01 0.228154000980412D-01 0.666192308137688D-01
 0.763817208403838D-01-0.818900401674191D-02-0.159282510559271D-01
-0.143170535687775D+00-0.777823632275909D-01 0.197232313496913D+00
-0.287122757580641D+00-0.369795341344117D+00 0.140568079265514D+00
-0.108417176803466D-01 0.397519854132789D-02-0.320401065019704D-01
-0.923080759057710D-01 0.112631827683738D+00-0.884532274800657D-01
 0.554632051223435D-01-0.480563731665070D-01-0.703966172036553D-01
-0.546053866706438D-01 0.154129564586167D+00-0.198248037634745D-01
-0.251417729839192D+00-0.425874581406718D+00 0.128454603984677D+00
-0.808933870948979D-02-0.960673553907944D-02-0.328883454411955D-01
-0.158874970198604D+00 0.612703569341829D-01 0.393147356689959D-02
 0.137352300734021D+00-0.759465003254351D-01 0.116800075411445D+00
 0.209559739295834D+00 0.567820076978716D+00 0.475864799534025D-01
 0.434125332875712D+00 0.191231961577127D+00-0.309963377056564D+00
-0.365675416151687D-01-0.506669028108626D-01-0.169009633024095D-01
-0.148609952902622D+00-0.177566940626678D-01 0.294977030820414D-01
 0.583828765407774D-01 0.396513394715359D-01 0.554164597714669D-01
 0.894717351875796D-01 0.362837004550554D+00 0.191213999599350D+00
-0.455530415262728D+00 0.521942714854269D+00-0.751808902496021D+00
-0.172926887499300D-01 0.801654384817087D-02-0.281417490252736D-02
 0.874906254149932D-01 0.301335206793227D-02-0.562700457154281D-01
-0.147109296204739D-02-0.141240552142963D+00 0.135328003842240D+00
 0.269792796530769D+00-0.260466343173590D+00-0.357779684610266D+00
-0.549766132237003D-02-0.339419095048936D+00 0.200321843775642D-01
-0.338815390056691D-01-0.448624391547484D-01 0.293712575647514D-01
-0.863716274982653D-03 0.169376880895446D-01 0.763653329054206D-01
 0.108633186390396D+00-0.201590788011725D-01-0.159665244470822D-01
-0.317546998445286D+00-0.250704897622488D+00-0.427337747554485D+00
-0.260475217537751D+00-0.136031685196541D+00 0.221128244659356D+00
-0.508250416844022D-01-0.259908685432077D-01 0.615978823181305D-02
-0.105108895512130D+00 0.384027977148945D-01-0.564118859514963D-01
-0.183598826858567D+00 0.436859443162835D+00 0.509494058783441D+00
 0.418254962729287D+00-0.319909331909224D+00 0.604817495552890D-01
 0.820081252232997D+00 0.374911481621004D+00-0.541597400563686D+00
 0.746051535450028D-01 0.123034891634812D+00 0.305491188344278D-02
 0.450512220945303D-01 0.230695000581566D-01 0.454319271449068D-01
-0.775160085667234D-01-0.919799598258845D-01-0.140421412559618D+00
-0.245968219417522D+00 0.501216680121511D-02 0.717669272428814D+00
 0.392904638581455D+00-0.544178477184138D-01-0.293304388632986D+00
 0.851868427847663D-01 0.282042202287024D-01 0.108408039221985D-01
 0.409337785753830D-01-0.749681983297169D-01-0.624779394157910D-01
 0.904106486616914D-01-0.600580072950719D-01-0.314752485268390D+00
 0.803087223772237D+00-0.189498141287839D-01 0.362956314394181D+00
 0.784214555217621D+00 0.283347959061534D+00 0.979268440045869D-01
 0.972528477849164D-01-0.144416459946725D-02-0.469148104980902D-01
 0.683618920241872D-01-0.320787892943179D-01 0.890714864297276D-01
-0.142494596765331D-01 0.679115292997157D-01-0.884784703463587D-01
 0.162094890165585D+00-0.977484393451117D-01 0.258700454889540D+00
 0.139510129242009D+00 0.395721439408644D+00 0.491899984992372D+00
 0.799618568181497D-01 0.326500226349219D-01 0.409216613985527D-01
-0.103819704368005D+00 0.167822032002262D+00 0.434112594548098D-01
-0.876938103557395D-01-0.647940439319344D-02-0.102507259027318D+00
-0.279481872262796D-01-0.241959892553689D-01 0.568545791070196D-02
-0.437933567220473D-01 0.303496228651805D+00-0.248082687128794D+00
-0.472179730683250D-01-0.452138744313056D-01-0.224776311271235D-01
 0.440312136314045D-01 0.180467824485431D-01-0.363412527844478D-01
-0.470241294258973D-01-0.216081929778699D-02 0.195933039393661D-01
-0.395150486445212D-01-0.583618798124995D+00 0.120463781230750D+00
-0.561071642283630D-01-0.128688601521445D+00-0.133561064209103D+00
-0.363313916971870D-01 0.369014238216471D-02 0.208628580605361D-01
 0.182297660009727D-01 0.126245708381374D+00 0.706547164619310D-01
 0.255070992889514D-01-0.133559167673196D-01-0.791308623754211D-01
 0.148645728317848D+00-0.137967907599281D-01-0.644312061073946D+00
-0.367952550654916D+00-0.585041541391074D+00-0.283498052645704D+00
-0.689410861684075D-01 0.728480639438803D-02-0.716465557947212D-01
-0.477997432579877D-01 0.123684046154806D-01 0.118461971546875D+00
 0.130295840502214D+00-0.494265431822316D-01-0.240960537391442D-01
-0.189965484203609D+00-0.691194485220778D-01 0.987638724358260D-01
-0.139524430985723D+00-0.481970030824507D+00 0.447581411419674D+00
 0.293256990485326D-01 0.754388296311735D-01 0.109607119031676D+00
-0.380491936477457D-01 0.646224585284264D-01-0.218895888334307D-01
-0.393388433224382D-01-0.125744685302443D+00 0.313577217869706D-01
 0.634385701361941D-01-0.168108620238538D+00-0.553389791016640D-01
 0.442447232913428D+00-0.157489905761155D+00-0.362849273867668D+00
-0.277771759811978D+00 0.626100895346196D-01 0.308495878418391D-01
-0.552013389911973D-01 0.826506160836082D-01-0.255050119917152D-01
 0.388174863200966D-01 0.994468116889188D-01-0.458424630508652D-01
-0.507983118561048D+00 0.172328274915441D+00 0.890533458001276D-01
 0.689244188198224D-01-0.185779395389376D+00 0.137949879630068D+00
 0.247419541246080D-01 0.410777226020838D-01-0.100844532702610D+00
-0.329164814691596D-01 0.250299436343557D-01 0.217617585440811D-01
 0.930891996968167D-02 0.115238810809201D+00-0.896568892969298D-01
-0.401967502242267D+00-0.212323161641732D+00 0.708032914600136D-01
 0.423388552779450D-02 0.126118176889258D-01-0.419609396247694D+00
-0.910525555252050D-01 0.748626164933063D-02 0.256189929679504D-01
-0.277645261302048D-01 0.571655992766339D-01-0.470447528071366D-01
 0.472901216516768D-01 0.435199823242972D-01 0.729960416133839D-01
-0.330544857994065D+00 0.224489853968522D+00-0.373855588492536D-01
 0.185261743731434D+00-0.364527632881778D+00-0.240041408469986D+00
-0.437024111208309D-01-0.503607830065908D-01-0.621331606237278D-01
 0.108596952486927D+00-0.100531834318293D+00-0.169120383170107D-01
-0.343724643186362D-01 0.551966509017873D-01 0.988678241220908D-01
 0.109661339371937D+00 0.766508776306680D+00-0.122832027837309D-01
-0.225121138366868D+00-0.735337930675307D-01-0.177247234175505D+00
 0.192734332120642D-01 0.570865564997966D-02-0.246586348335201D-01
-0.285734694366734D-02-0.154326701201609D-02 0.672932529917459D-01
 0.945094309118604D-02-0.128183037020333D+00 0.218597864369797D+00
-0.502256620882518D+00-0.641025174795497D+00-0.887626016738900D+00
-0.780723292960720D-01 0.436157863345790D+00 0.233247498755104D+00
 0.336838489355247D-01 0.494974176481841D-01-0.141483467963531D+00
 0.615088193347409D-01 0.156666616392031D-01 0.681938438526256D-01
-0.853776673650447D-01-0.155104587324293D+00-0.716709983265680D-01
-0.218071777037144D+00-0.656206972063774D-01-0.450345088626342D+00
 0.418669100554973D+00 0.263300959916290D+00-0.512863659852716D+00
-0.270838093395496D-01-0.151128023839521D-01-0.701461345591899D-04
-0.354931744770359D-01-0.312941846635841D-01-0.834166486623254D-01

 !X, Y, Z
 0.781943932468311D-04 0.339781987918538D-03-0.316679508318657D-03
-0.213878063689949D-02 0.115693673904386D-02-0.218472565224124D-02
 0.928318670234834D-03-0.427995527816733D-03-0.997416648404447D-03
-0.296506866216324D-03-0.168816789715158D-03-0.707758568488432D-04
 0.352470524346161D-03 0.164766876395929D-03 0.362180908507867D-03
 0.291048882102674D-03-0.124311312931671D-02 0.157647733032570D-02
-0.121151478285458D-02 0.150515928340297D-02 0.749477033755422D-03
-0.172531665591710D-03-0.123315837954469D-02-0.832109359727099D-03
-0.112676302930834D-03 0.382248698053513D-03-0.274867837709261D-03
-0.386718650915124D-03-0.210224294910047D-04 0.294219229049179D-03
-0.836261086908491D-03-0.636550356078988D-03-0.416949339960519D-03
 0.855969610720379D-03 0.133518431100008D-02-0.407302670373199D-02
 0.500287809521020D-03-0.136408739391749D-02 0.160799099330609D-02
 0.182459115457181D-03 0.345039371540002D-04 0.606958002833925D-04
 0.540719251773910D-03 0.408692856668655D-05 0.269107658648224D-04
 0.273601703422709D-03 0.192225104297925D-04 0.669625588459024D-03
 0.103200848547374D-02-0.209627442895400D-02 0.125327026375728D-02
-0.254039595300048D-02 0.310710730613603D-02-0.127704658545104D-02
 0.117921263058317D-03-0.239654978929220D-03-0.971929648950951D-04
-0.118524175847589D-03 0.370272418007655D-03-0.159336991706149D-03
 0.275574752590079D-03 0.154915598961316D-03 0.319362045952672D-03
 0.432569343819611D-04 0.171930108540460D-02-0.266309675366654D-02
-0.123798308561593D-02 0.470251336727496D-02-0.849766782729846D-03
 0.327722013442861D-03-0.419987394482577D-03-0.317189095746242D-03
 0.322605116256083D-03 0.857970304076997D-04 0.364155816135351D-03
-0.535022102169537D-03-0.951678887528452D-03 0.372476922276290D-03
-0.183293249551104D-03 0.178948621867213D-02 0.209029823061560D-02
 0.131797132610278D-02 0.119240873708160D-02 0.159559858764425D-02
-0.298578702826703D-03-0.609321350676909D-04-0.311034908614400D-04
 0.418824889282413D-04 0.343800056392507D-03 0.336057009225738D-03
-0.387948241723119D-04 0.121715097451088D-03 0.523055662967366D-04
 0.208715621861654D-03 0.143461582529493D-02 0.155407953673261D-02
-0.103866532592802D-02 0.184671138150327D-02 0.854447408128079D-03
 0.507624276702994D-03 0.536709986005677D-03 0.261225578309504D-03
-0.477474626288828D-04 0.105662190038199D-03 0.566265941378995D-04
-0.497494262757286D-03-0.514369422680958D-03-0.386047881827937D-03
 0.858955639386113D-03-0.330294252961383D-03 0.126194033192307D-02
-0.187954309138947D-03-0.215243637418477D-03 0.261526265208977D-02
 0.275369313436493D-03-0.232524213361115D-03-0.249504772559140D-04
-0.644000866123160D-05-0.227884126559658D-03-0.237348684431945D-03
 0.132837790364093D-02 0.361541397697902D-03 0.264920042536141D-03
 0.389377261346370D-02-0.465163117768684D-03-0.263596606887652D-02
-0.384873283614125D-03-0.140023466934469D-02 0.145139167322810D-02
 0.137359755222312D-03-0.561545381136971D-03 0.100927647560746D-03
 0.182368892376996D-03 0.199656812864912D-03-0.268737461435877D-03
 0.126599104878701D-04 0.302240756950496D-03 0.242906724119318D-04
 0.182949130112233D-02-0.147070556733696D-02 0.145613933939371D-02
-0.226947762940102D-02-0.195541903698223D-02-0.154509698019720D-03
-0.230294265568165D-03-0.392535481851322D-03-0.499284081715328D-03
-0.395926912630570D-03-0.861571195092134D-04-0.271368062162677D-03
 0.165229029388568D-03-0.895466670090497D-03 0.222499027628868D-03
-0.137014007561738D-02 0.109293204838112D-02 0.348332432856858D-02
-0.160682795757149D-02 0.319291730009778D-02 0.575172293051608D-03
 0.525787154331661D-03-0.618143617067762D-03 0.788958685938020D-03
 0.174912429674148D-03 0.405665932972868D-03-0.918604349741506D-04
-0.657892872061716D-06-0.523399531194775D-03-0.128088064241368D-03
-0.103526934874081D-02 0.119381469907652D-02-0.306804276437406D-02
 0.404210212674245D-03 0.201236443130337D-02 0.202990871906623D-02
-0.490605391894317D-03-0.856613546826992D-04 0.954677964639446D-04
 0.119235837358795D-04 0.445378428451948D-03-0.299119538667254D-03
 0.813177665436909D-03 0.270744462405834D-03 0.215783409777651D-03
-0.650705338482710D-03-0.173585727815699D-02 0.238282617672378D-02
-0.359985976235089D-02-0.583095906447136D-05-0.340781332333502D-03
-0.643868755809170D-03-0.832697975179377D-04-0.256780887881130D-03
 0.474000969580307D-03 0.618420560266730D-04 0.118301772476677D-03
 0.403818015206644D-03-0.498426335033410D-03-0.594108377594200D-04
 0.465583824281477D-03-0.158733034478811D-02-0.190597700164799D-02
-0.353497229302158D-02 0.121896794898901D-02 0.695454788168498D-04
-0.209546028845855D-03-0.259304241331104D-03-0.710055182570848D-05
 0.429391789793114D-04 0.348977577766644D-03 0.615171634775205D-04
-0.134708068725953D-03-0.593015823523264D-03-0.115998659669877D-03
-0.290212594983697D-02-0.363947472309131D-03-0.156205806550983D-02
 0.160220625632919D-03-0.128013061037232D-02 0.153138592113901D-02
-0.223723956068780D-03 0.178730565555812D-03-0.166358033157583D-03
-0.134333549298010D-03 0.899268728136859D-04 0.299376893205833D-04
 0.166975935435795D-01-0.429405581527379D-03 0.665984926921533D-02
-0.118282470158437D+00 0.528885782970925D-01-0.245435417007791D-01
-0.406925963421913D-01-0.270405361788457D-01 0.226444491376113D-02
-0.167187844952537D-02-0.123817244531876D-02 0.219246503121949D-02
 0.225372187562560D-03-0.130842034252163D-02-0.440113946598653D-02
-0.224782406677068D-03 0.693260492863259D-03 0.207467755931053D-03
 0.197837047931365D-02 0.146972296501646D-03 0.262415325745362D-02
-0.776422556901243D-04-0.617108855905277D-03 0.499609356311853D-03
 0.381069313299167D-03-0.220243668123023D-03-0.318662990836893D-03
 0.120047314533217D-03-0.768009762387428D-04 0.489163874917501D-03
 0.613800652565825D-04-0.180758804423252D-03-0.876058912304339D-04
 0.694732118501990D-04-0.513037383812726D-03 0.638626058783294D-03
 0.116337087697011D-02-0.419443910323833D-03 0.593723503440121D-03
 0.255555984361355D-03 0.101780748192230D-03 0.462593377422609D-04
 0.619907120679507D-03 0.324429628181829D-03-0.367209021779892D-03
-0.738095674273668D-04 0.377754910191606D-03 0.201416723631026D-03
-0.259517162091923D-02 0.260408555859381D-02-0.330014439322309D-03
 0.118746077102103D-02 0.396615538319567D-02-0.151219837928492D-04
-0.366013269729812D-03 0.348997753775858D-03 0.143362275164065D-04
 0.128456556082738D-03-0.354134572872985D-03 0.933632999892160D-04
-0.111164167622546D-03 0.308763259273853D-04-0.903196696958303D-03
 0.524936729123665D-02 0.508200188164284D-02-0.712158349725621D-02
 0.199317949638852D-02-0.457384393804351D-03-0.237319698838445D-02
-0.113782518052926D-03 0.294770257311773D-04 0.374607646654372D-03
 0.434928115928692D-03-0.626165643906265D-03 0.277260242591668D-03
-0.455254566117744D-03 0.321628459290425D-03-0.129647932951589D-02
-0.125527626511758D-02-0.112139105955388D-02-0.321650802062330D-02
 0.163441207584323D-02-0.206199768424837D-02-0.689873883475687D-03
 0.191060676544414D-03 0.110764212928490D-03-0.221224107163317D-03
-0.280262436463482D-04-0.315670447667948D-03 0.657895744755913D-04
 0.311410304612377D-03 0.295489443819601D-03-0.511045696461882D-03
-0.498364223412684D-03 0.146345962446301D-02 0.352855821395803D-03
-0.487749987618250D-03-0.164962722259029D-02-0.212834345632809D-02
 0.356647892684923D-03-0.155598189878343D-03 0.154978008772376D-03
-0.137496306865104D-03 0.528987411578017D-03-0.108607608030127D-03
-0.502510928438692D-04 0.727766956609190D-03 0.430170049188123D-03
 0.140044751852450D-02 0.144721572596215D-03 0.341380413140332D-02
-0.392599256046465D-03-0.175846830444721D-02-0.310624036750679D-03
 0.151738068472082D-03 0.251013179720884D-03 0.845730665100757D-04
-0.277602106602519D-04-0.665194520632900D-04 0.378557466606189D-03
-0.217153528525455D-03-0.117120778644984D-04-0.202422483305795D-03
-0.306131175589903D-03 0.176508437232743D-02 0.248306892650053D-03
-0.183506123922741D-02-0.642243328351239D-03-0.217277724998452D-02
 0.169287941683471D-03-0.283868643386046D-03 0.501541138701621D-03
 0.249519313744231D-03 0.133732887332434D-03 0.224739390133274D-03
 0.388989044058112D-03 0.331577044688592D-03 0.435608655755705D-03
-0.139776260104611D-02 0.245572981075005D-02-0.203837656538233D-02
 0.237845457176855D-03-0.107036855518432D-03 0.661355218980268D-03
 0.176509138327733D-03-0.898091608715393D-04-0.220820907713820D-03
-0.277325820048612D-03-0.746364306416933D-04 0.220484996077165D-04
-0.231465790276367D-03 0.704135230946452D-03-0.775739900038490D-04
-0.145321728444212D-02-0.336226099289159D-02 0.357350585222611D-02
 0.270443141867429D-03 0.128237389437027D-02 0.183662151278362D-02
-0.100735099092387D-03 0.210234003928527D-03-0.133854744501179D-03
-0.169163608233418D-03-0.172924651716699D-03-0.556208101467488D-05
-0.247679214738726D-04-0.765965150081022D-03 0.338175502148339D-04
 0.929226487887532D-03 0.315081925859930D-02-0.156063419455195D-02
-0.245138280883066D-03-0.569826742340903D-03-0.261437869677527D-02
 0.185443557047326D-03-0.236708379012094D-04-0.152279175201405D-03
 0.578520123138000D-04 0.133800972297874D-04 0.689802987513543D-04
 0.314473066724139D-03 0.748799542895812D-04-0.727857160623687D-04
 0.452262271988798D-03-0.145256771131417D-03-0.319352769714684D-02
 0.171386026976743D-02-0.133087908192942D-03 0.568789329887127D-03
-0.647258821409861D-03-0.167421722327746D-02-0.918095076146023D-03
 0.150369108505130D-04-0.304037160192885D-03 0.584805810686172D-04
-0.208995064066607D-04-0.748352922447976D-03-0.558582921464619D-04
-0.291789089154686D-03 0.169734414863710D-02-0.145687778593023D-02
-0.147929068538454D-02-0.266546610856551D-02 0.238808121474457D-03
 0.434504018265109D-03 0.633153119550269D-04 0.453057200227506D-04
 0.265166049379168D-03-0.556824657576392D-03-0.216041777745540D-03
 0.161103960178232D-03 0.354318654324139D-03 0.961500202611728D-05
-0.252871101961853D-02 0.203993940084626D-02-0.186341794503391D-02
 0.213473698493310D-02-0.198230232761283D-02-0.190690003682827D-03
-0.298773512887903D-03-0.415165093144287D-03 0.189054413723718D-03
 0.607045812906749D-03 0.917282279340947D-04 0.198030978937325D-03
 0.513514375707613D-03 0.404199289008683D-04 0.680986665847420D-04
 0.196965344213128D-02 0.827515382520586D-03-0.205126289876005D-02
-0.119227695431983D-03 0.228642776253789D-02 0.953709592293646D-03
-0.963435907468172D-04 0.229438993352121D-05 0.133376171122867D-03
-0.183271327250280D-03 0.524196023258228D-04 0.348326090850679D-03
 0.404902811505870D-03-0.156628963325067D-04-0.864721307228130D-04
-0.557715843216954D-03-0.418547717753541D-03 0.996402185590698D-03
-0.151195658932582D-02-0.179476176378606D-02 0.569308746187492D-03
-0.600632023568223D-04 0.126829280762340D-04-0.171124488895515D-03
-0.476145643846403D-03 0.572509299519187D-03-0.439085054106375D-03
 0.337843859789740D-03-0.287779568485032D-03-0.364692113019335D-03
-0.115970480075229D-03 0.103827784571163D-02-0.314567459531709D-03
-0.181815031324091D-02-0.198967371282381D-02 0.739284294282504D-03
-0.509138575070611D-04-0.527396578596634D-04-0.165364369231377D-03
-0.815664896534634D-03 0.315549793671290D-03 0.263778891704182D-04
 0.691379590583570D-03-0.384168346399804D-03 0.614938867971097D-03
 0.106183888873906D-02 0.290000835191079D-02 0.206184314776203D-03
 0.221905040608896D-02 0.910916639015453D-03-0.160403291360799D-02
-0.180617499693422D-03-0.258294991432742D-03-0.840698052367585D-04
-0.760766140779986D-03-0.913747193709266D-04 0.144601114997159D-03
 0.260298560186686D-03 0.284205088736910D-03 0.310491358416179D-03
 0.306979374617145D-03 0.231201547800217D-02 0.138103332795588D-02
-0.217898790977551D-02 0.352745012593987D-02-0.411616963223059D-02
-0.322545967496472D-04 0.107059161277452D-04 0.918593523677852D-05
 0.404374892951264D-03-0.192041671589518D-04-0.324260994536221D-03
-0.289663958542896D-04-0.702960133136001D-03 0.724369804143464D-03
 0.134853963406653D-02-0.133058416562648D-02-0.190645876241821D-02
 0.625384221288926D-04-0.167168237675641D-02 0.156655301104281D-03
-0.171294381589717D-03-0.226940267694655D-03 0.150881695784606D-03
-0.417104066484762D-06 0.759008764850724D-04 0.379675634142410D-03
 0.497481338028282D-03-0.803054333414483D-04-0.411419365423113D-04
-0.162297494118413D-02-0.132292509791886D-02-0.225229826871246D-02
-0.819578378250035D-03-0.130403266631220D-02 0.867493162503985D-03
-0.252498389713340D-03-0.130957910737118D-03 0.334513398800169D-04
-0.548055320211109D-03 0.205039092542594D-03-0.283286280318742D-03
-0.132551127183401D-02 0.315894939766445D-02 0.368526550188921D-02
 0.257798174419543D-02-0.214442728076190D-02-0.137024045298422D-03
 0.667607952092974D-02 0.358287385850463D-02-0.544746426298642D-02
 0.624143383485458D-03 0.816958726735275D-03 0.190513281433771D-03
 0.248145632338245D-03 0.121562157769064D-03 0.234411838907342D-03
-0.480292158830907D-03-0.479756258878554D-03-0.828283300188488D-03
-0.119772692510931D-02-0.113820075833408D-03 0.376975087328971D-02
 0.193371747524512D-02-0.180665966001439D-03-0.147277890130576D-02
 0.446756952359724D-03 0.144181781131248D-03 0.443117720054378D-04
 0.229746537859150D-03-0.378458551009962D-03-0.277040021262189D-03
 0.100941793696285D-02-0.791214391330543D-03-0.283535739930751D-02
 0.524877406118246D-02 0.661477194641113D-03 0.338621997664675D-02
 0.658695806023736D-02 0.745042724940470D-03-0.779800353189338D-04
 0.697567226980995D-03 0.265611282016526D-04-0.154021150658192D-03
 0.728380800142734D-03-0.465131703270020D-03 0.544623061234420D-03
-0.255834107593925D-04 0.566595544196819D-03-0.413984667690337D-03
 0.885032795515229D-03-0.819614703295586D-03 0.148782839972028D-02
 0.872236546270213D-03 0.239838647549570D-02 0.252518537636016D-02
 0.410854098488002D-03 0.169347772031599D-03 0.205218312258514D-03
-0.906568491327031D-03 0.143646874226705D-02 0.358611013601347D-03
-0.443217008462978D-03-0.662073214240385D-04-0.517619520791795D-03
 0.207549047295596D-05-0.265246596798100D-03-0.944415360299303D-04
-0.229464696865269D-03 0.160335567946180D-02-0.137994323378359D-02
-0.239927058182077D-03-0.227900615577242D-03-0.117683737267003D-03
 0.218197342608294D-03 0.103373149006288D-03-0.178929291307187D-03
-0.241477217853573D-03-0.672746136848447D-05 0.106696959166815D-03
-0.250352637466919D-03-0.323887982926823D-02 0.460587650448968D-03
-0.293334900176274D-03-0.838233638247908D-03-0.707532487869225D-03
-0.192628496198415D-03 0.265715865643156D-04 0.105007678369532D-03
 0.102998918346818D-03 0.649826477884394D-03 0.367028031716376D-03
 0.141613429957940D-03-0.907733302906188D-04-0.432209706842489D-03
 0.675144457519787D-03 0.355686724126878D-03-0.415747337385590D-02
-0.244009299775621D-02-0.292967523929555D-02-0.128748783814045D-02
-0.339603021007935D-03 0.493167699657801D-04-0.347346134600764D-03
-0.246709977016706D-03 0.461329754462026D-04 0.614202643790667D-03
 0.605789195293927D-03-0.272821512094992D-03-0.985340246866699D-04
-0.110445852497518D-02-0.115201533831642D-03 0.651849930645509D-03
-0.588494883894751D-03-0.236185541579770D-02 0.220999278748478D-02
 0.162735642555005D-03 0.383296058620891D-03 0.565314626057656D-03
-0.185032810339369D-03 0.329744569807901D-03-0.126136832040369D-03
-0.215214873319163D-04-0.773287165838328D-03 0.636322982117107D-03
 0.381744221842452D-03-0.884071293853650D-04-0.245419353461452D-03
 0.490682529956225D-02 0.422428534919213D-04-0.219002847844688D-02
-0.217701311521984D-02 0.761350489061994D-03 0.226591382293435D-03
-0.534355169077111D-03 0.410126254861752D-03-0.138768232628379D-03
 0.176756226205422D-03 0.537527509636654D-03-0.227037144002746D-03
-0.257231867427054D-02 0.724409387312843D-03 0.579988836700295D-03
 0.411084955166690D-03-0.816146746658845D-03 0.518381925698473D-03
 0.130732704844848D-03 0.206461644432525D-03-0.522471818630022D-03
-0.174520514674689D-03 0.122667833366581D-03 0.107012143685069D-03
 0.461826182270118D-04 0.580758212869081D-03-0.515495462906903D-03
-0.197635451108706D-02-0.115013532602245D-02 0.171342985252058D-03
-0.437038067493129D-03 0.393820605688942D-03-0.230291665189635D-02
-0.460767198176814D-03 0.458929048045200D-04 0.138672630369445D-03
-0.150298301301588D-03 0.291639204771686D-03-0.230079211989255D-03
 0.381993172395020D-03 0.203385074987983D-03 0.388667666836337D-03
-0.165899317896246D-02 0.949689760529306D-03-0.273933940972288D-03
 0.965191003466069D-03-0.187492494734212D-02-0.856437219586681D-03
-0.273461507223260D-03-0.278338874261852D-03-0.330968090175866D-03
 0.556279109330143D-03-0.517531952170918D-03-0.871035986879944D-04
-0.195581110820398D-03 0.274030605092684D-03 0.483884215481702D-03
 0.550975636609765D-03 0.394414469474749D-02 0.311665895654242D-03
-0.103026244974209D-02-0.360066215765877D-03-0.118693405530203D-02
 0.977495744946638D-04 0.291659557776868D-04-0.124444100049911D-03
 0.151646363584809D-05-0.181346927201627D-04 0.358881698616782D-03
 0.435778260576847D-03-0.358657481433223D-03 0.151306386774571D-02
-0.512282222877354D-02-0.463822683739186D-02-0.552512887940498D-02
-0.856680352384480D-03 0.153096834030779D-02 0.238390741678407D-02
 0.248318117736523D-03 0.321973471171788D-03-0.940886467449056D-03
 0.192212823049282D-03-0.308062830148946D-04 0.426275079540141D-03
-0.428778232798379D-03-0.792608991098138D-03-0.373535890916488D-03
-0.107233968921640D-02-0.233178214714163D-03-0.234282860889454D-02
 0.223311846882295D-02 0.126667524804328D-02-0.269311934508588D-02
-0.143793526404926D-03-0.742630446407313D-04 0.370318254975870D-06
-0.183184808958280D-03-0.162972562393500D-03-0.420204483323728D-03
